0 0.178125 0.140625 0.2328125 0.14140625
0 0.8125 0.17265625 0.24453125 0.17734375
0 0.59609375 0.58671875 0.1890625 0.121875
0 0.39296875 0.41328125 0.16640625 0.13046875
0 0.884375 0.4171875 0.13671875 0.09453125
0 0.13125 0.384375 0.12890625 0.0921875
0 0.57109375 0.76875 0.12734375 0.08515625
0 0.1203125 0.52578125 0.12109375 0.06171875
0 0.30390625 0.9640625 0.0890625 0.05234375
0 0.77578125 0.75546875 0.09296875 0.0671875
0 0.896875 0.77265625 0.0828125 0.0546875
0 0.84296875 0.86640625 0.103125 0.06484375
0 0.375 0.67734375 0.2546875 0.025