0 0.18515625 0.52734375 0.1671875 0.09609375
0 0.1609375 0.103125 0.15078125 0.0734375
0 0.83984375 0.21015625 0.1984375 0.103125
0 0.80859375 0.809375 0.20078125 0.1328125
0 0.66015625 0.3328125 0.16640625 0.07734375
0 0.11875 0.80390625 0.12109375 0.0796875
0 0.5328125 0.93359375 0.146875 0.12734375
0 0.84296875 0.52109375 0.15 0.06328125
0 0.16171875 0.29921875 0.215625 0.1359375
0 0.525 0.77421875 0.14453125 0.07265625
0 0.38046875 0.77890625 0.12578125 0.07265625
0 0.8125 0.03203125 0.27421875 0.0640625