0 0.49140625 0.09453125 0.13984375 0.084375
0 0.3953125 0.4359375 0.11171875 0.08125
0 0.5296875 0.78984375 0.1734375 0.14453125
0 0.16171875 0.41953125 0.1484375 0.0578125
0 0.3296875 0.7703125 0.09296875 0.071875
0 0.590625 0.38984375 0.13515625 0.05625
0 0.69375 0.778125 0.09140625 0.078125
0 0.884375 0.77109375 0.10390625 0.05859375
0 0.87734375 0.48203125 0.10546875 0.0578125
0 0.88046875 0.36640625 0.09140625 0.04375
0 0.55 0.55703125 0.103125 0.0484375
0 0.8671875 0.57890625 0.0703125 0.04375