0 0.1515625 0.56796875 0.1515625 0.07578125
0 0.540625 0.5125 0.11640625 0.0734375
0 0.90703125 0.52421875 0.1046875 0.09453125
0 0.42734375 0.7828125 0.09453125 0.05703125
0 0.90390625 0.18359375 0.12578125 0.0359375
0 0.77421875 0.51484375 0.0953125 0.05
0 0.58984375 0.17734375 0.16015625 0.1078125
0 0.16328125 0.80859375 0.15234375 0.109375
0 0.16015625 0.33359375 0.13125 0.04765625
0 0.4 0.35625 0.11171875 0.084375
0 0.39921875 0.15859375 0.13984375 0.1109375
0 0.6828125 0.51796875 0.07890625 0.0359375