0 0.109375 0.7125 0.0890625 0.078125
0 0.49921875 0.721875 0.08828125 0.08828125
0 0.665625 0.70234375 0.065625 0.034375
0 0.32578125 0.721875 0.17265625 0.07578125
0 0.43671875 0.08515625 0.12578125 0.0984375
0 0.10859375 0.56875 0.13046875 0.07265625
0 0.621875 0.3515625 0.15234375 0.08828125
0 0.7890625 0.09375 0.05390625 0.0640625
0 0.28046875 0.353125 0.11875 0.05546875
0 0.09921875 0.37578125 0.165625 0.12109375
0 0.80078125 0.3609375 0.14765625 0.10703125
0 0.67578125 0.12890625 0.0640625 0.05
0 0.87265625 0.0828125 0.08671875 0.05234375
0 0.5921875 0.084375 0.09296875 0.03828125
0 0.103125 0.0703125 0.1359375 0.03671875