0 0.51875 0.6015625 0.1765625 0.10234375
0 0.828125 0.6109375 0.11328125 0.084375
0 0.403125 0.72578125 0.12109375 0.06796875
0 0.83046875 0.7625 0.1453125 0.09140625
0 0.515625 0.0984375 0.11953125 0.08828125
0 0.09609375 0.1359375 0.1234375 0.0953125
0 0.38671875 0.10546875 0.103125 0.090625
0 0.23984375 0.1140625 0.1203125 0.07109375
0 0.659375 0.11875 0.0796875 0.06640625
0 0.85 0.10703125 0.07734375 0.03125
0 0.74375 0.409375 0.1203125 0.040625
0 0.72734375 0.06953125 0.05859375 0.02421875
0 0.1203125 0.3921875 0.125 0.05859375
0 0.19765625 0.62109375 0.10859375 0.040625