0 0.46484375 0.61640625 0.12890625 0.0625
0 0.83359375 0.621875 0.1453125 0.07421875
0 0.428125 0.12890625 0.14609375 0.09453125
0 0.0921875 0.1140625 0.11484375 0.04609375
0 0.6765625 0.60078125 0.09921875 0.0890625
0 0.81484375 0.06953125 0.1609375 0.0953125
0 0.4015625 0.27890625 0.11015625 0.0609375
0 0.73203125 0.421875 0.175 0.04765625
0 0.709375 0.71796875 0.04296875 0.05234375
0 0.25390625 0.08984375 0.12109375 0.1125
0 0.7296875 0.47109375 0.1296875 0.046875
0 0.39921875 0.20625 0.071875 0.0125
0 0.7640625 0.88203125 0.05625 0.01796875