0 0.1640625 0.38671875 0.140625 0.11484375
0 0.51640625 0.38828125 0.11640625 0.05234375
0 0.56171875 0.0734375 0.1515625 0.1046875
0 0.85859375 0.0859375 0.140625 0.08515625
0 0.19453125 0.81953125 0.10625 0.07265625
0 0.29765625 0.7640625 0.0859375 0.06953125
0 0.2265625 0.6296875 0.26875 0.07265625
0 0.1484375 0.49453125 0.10390625 0.05390625
0 0.86953125 0.778125 0.16171875 0.0734375
0 0.7359375 0.63125 0.2546875 0.05625
0 0.9109375 0.36015625 0.1078125 0.0296875
0 0.24140625 0.95546875 0.29296875 0.07578125
0 0.17734375 0.21171875 0.125 0.04375