0 0.75625 0.5453125 0.12109375 0.0375
0 0.6359375 0.5078125 0.1046875 0.03671875
0 0.84140625 0.4875 0.10078125 0.0453125
0 0.4265625 0.50546875 0.15 0.05859375
0 0.8453125 0.6984375 0.059375 0.03359375
0 0.5046875 0.7015625 0.1109375 0.04921875
0 0.4296875 0.83515625 0.1421875 0.03203125
0 0.18671875 0.5375 0.15078125 0.1
0 0.73515625 0.109375 0.15 0.04453125
0 0.1421875 0.26796875 0.16796875 0.06640625
0 0.24375 0.703125 0.13828125 0.0671875
0 0.45078125 0.1171875 0.1484375 0.04921875
0 0.17890625 0.1421875 0.1390625 0.103125