0 0.35625 0.71015625 0.14765625 0.09453125
0 0.55625 0.709375 0.125 0.09296875
0 0.740625 0.70625 0.13359375 0.08515625
0 0.890625 0.703125 0.1234375 0.0859375
0 0.11015625 0.39609375 0.0828125 0.06875
0 0.615625 0.384375 0.10234375 0.06484375
0 0.8203125 0.39296875 0.18359375 0.08984375
0 0.365625 0.384375 0.12890625 0.07265625
0 0.11875 0.6796875 0.0796875 0.03984375
0 0.15625 0.1125 0.11796875 0.0796875
0 0.478125 0.38046875 0.07578125 0.05234375
0 0.528125 0.07265625 0.12890625 0.0625
0 0.87578125 0.0796875 0.11640625 0.05859375
0 0.3453125 0.084375 0.1 0.04296875
0 0.7125 0.06484375 0.10859375 0.03984375
0 0.2140625 0.38046875 0.10546875 0.0515625