0 0.10390625 0.14453125 0.1453125 0.06484375
0 0.40859375 0.1421875 0.17109375 0.09765625
0 0.8578125 0.15078125 0.1546875 0.06796875
0 0.14375 0.3578125 0.178125 0.11796875
0 0.103125 0.63515625 0.125 0.13671875
0 0.4953125 0.9 0.13125 0.1171875
0 0.50703125 0.6609375 0.15390625 0.09765625
0 0.35 0.63359375 0.14140625 0.12109375
0 0.6234375 0.60859375 0.08046875 0.0515625
0 0.87734375 0.61875 0.1203125 0.07265625
0 0.74765625 0.66875 0.13671875 0.09765625
0 0.8046875 0.40859375 0.259375 0.17421875
0 0.34609375 0.7671875 0.11328125 0.06875
0 0.61484375 0.46171875 0.0796875 0.0703125