0 0.58125 0.59296875 0.14765625 0.08515625
0 0.53359375 0.3546875 0.06328125 0.103125
0 0.71171875 0.33046875 0.0859375 0.046875
0 0.83828125 0.61875 0.28203125 0.1109375
0 0.74375 0.84921875 0.1515625 0.1
0 0.8796875 0.775 0.125 0.11640625
0 0.18203125 0.11875 0.17265625 0.1015625
0 0.36328125 0.10234375 0.17578125 0.09921875
0 0.58671875 0.08984375 0.17265625 0.10390625
0 0.8765625 0.06796875 0.16484375 0.09765625
0 0.853125 0.37421875 0.165625 0.11796875
0 0.23203125 0.596875 0.13828125 0.053125
0 0.21953125 0.76875 0.15703125 0.078125