0 0.6703125 0.08671875 0.08671875 0.06953125
0 0.40859375 0.3203125 0.12109375 0.07734375
0 0.11796875 0.33828125 0.1671875 0.09609375
0 0.56484375 0.38515625 0.140625 0.06953125
0 0.2984375 0.0734375 0.24921875 0.115625
0 0.7984375 0.334375 0.1578125 0.11875
0 0.403125 0.5875 0.14609375 0.11953125
0 0.0828125 0.178125 0.13671875 0.146875
0 0.12734375 0.88828125 0.2109375 0.07265625
0 0.8265625 0.759375 0.16875 0.14453125
0 0.1265625 0.62734375 0.1875 0.11796875
0 0.83203125 0.59609375 0.15390625 0.09375