0 0.15078125 0.10078125 0.115625 0.07578125
0 0.79453125 0.271875 0.08359375 0.05
0 0.46796875 0.27734375 0.1015625 0.06875
0 0.55625 0.47421875 0.0828125 0.0390625
0 0.71328125 0.0578125 0.09296875 0.04140625
0 0.93203125 0.059375 0.0859375 0.06953125
0 0.8265625 0.0578125 0.08203125 0.04296875
0 0.20390625 0.809375 0.15 0.1125
0 0.8640625 0.79140625 0.1546875 0.17109375
0 0.503125 0.17421875 0.07734375 0.04453125
0 0.61640625 0.72890625 0.1734375 0.025
0 0.19140625 0.484375 0.08359375 0.0203125
0 0.4046875 0.48125 0.08671875 0.03046875
0 0.77734375 0.115625 0.021875 0.03671875