0 0.87734375 0.34375 0.06328125 0.05234375
0 0.83046875 0.41640625 0.06171875 0.0484375
0 0.8546875 0.7859375 0.09921875 0.05078125
0 0.64375 0.34140625 0.109375 0.04921875
0 0.56953125 0.584375 0.09296875 0.04375
0 0.14921875 0.12578125 0.12578125 0.07578125
0 0.85546875 0.584375 0.115625 0.06328125
0 0.4984375 0.35546875 0.12890625 0.06171875
0 0.89921875 0.12734375 0.14140625 0.0640625
0 0.38671875 0.621875 0.12109375 0.06796875
0 0.39140625 0.13984375 0.1296875 0.06171875
0 0.51875 0.178125 0.0875 0.071875
0 0.5875 0.7875 0.140625 0.07109375
0 0.42265625 0.24765625 0.06640625 0.04921875