0 0.50625 0.4546875 0.1625 0.09609375
0 0.6546875 0.140625 0.1671875 0.07109375
0 0.3578125 0.528125 0.06328125 0.03828125
0 0.66328125 0.43984375 0.0859375 0.06953125
0 0.20703125 0.85 0.12890625 0.07421875
0 0.2671875 0.71171875 0.16484375 0.11015625
0 0.45078125 0.24296875 0.0796875 0.03203125
0 0.49921875 0.69453125 0.15625 0.07421875
0 0.80703125 0.728125 0.17578125 0.14609375
0 0.80859375 0.41796875 0.078125 0.04609375
0 0.90546875 0.4328125 0.07265625 0.0421875
0 0.49765625 0.13125 0.06875 0.02734375
0 0.9015625 0.15234375 0.078125 0.03046875