0 0.6625 0.6609375 0.18046875 0.08828125
0 0.8703125 0.45390625 0.1265625 0.0640625
0 0.21171875 0.63046875 0.16484375 0.0890625
0 0.28671875 0.91015625 0.1109375 0.0859375
0 0.14453125 0.44453125 0.12578125 0.071875
0 0.1828125 0.11484375 0.15859375 0.07109375
0 0.7640625 0.07109375 0.1203125 0.0984375
0 0.90546875 0.09296875 0.08984375 0.11171875
0 0.58125 0.09921875 0.10859375 0.11171875
0 0.43203125 0.69453125 0.11484375 0.06171875
0 0.59765625 0.28984375 0.059375 0.03515625
0 0.93046875 0.2234375 0.05 0.02890625