0 0.10859375 0.41484375 0.16171875 0.09921875
0 0.4984375 0.41875 0.13359375 0.1078125
0 0.29921875 0.41484375 0.1421875 0.0953125
0 0.81484375 0.40859375 0.1765625 0.08671875
0 0.13046875 0.08515625 0.2046875 0.09140625
0 0.65 0.40703125 0.103125 0.05703125
0 0.13515625 0.7140625 0.1828125 0.0828125
0 0.64921875 0.07578125 0.12109375 0.084375
0 0.15234375 0.290625 0.11640625 0.04921875
0 0.80625 0.88828125 0.1875 0.10078125
0 0.5 0.08203125 0.1171875 0.07265625
0 0.8125 0.728125 0.159375 0.07265625
0 0.1 0.20859375 0.1546875 0.05546875
0 0.12421875 0.80859375 0.115625 0.0515625
0 0.11171875 0.91328125 0.115625 0.04765625