0 0.15703125 0.50078125 0.11640625 0.06953125
0 0.15 0.25234375 0.121875 0.0484375
0 0.51171875 0.11953125 0.11875 0.0609375
0 0.8140625 0.11328125 0.1109375 0.0671875
0 0.3953125 0.69375 0.109375 0.05
0 0.715625 0.43359375 0.09921875 0.0734375
0 0.31015625 0.81015625 0.1171875 0.0625
0 0.59140625 0.6828125 0.1046875 0.0390625
0 0.803125 0.7125 0.0703125 0.0796875
0 0.08671875 0.1265625 0.059375 0.03046875
0 0.80078125 0.37265625 0.05546875 0.02734375
0 0.85859375 0.65078125 0.05234375 0.02578125